<?xml version="1.0"?>
<opencv_storage>
<calibration_time>"06/02/12 14:53:10"</calibration_time>
<image_width>5184</image_width>
<image_height>3456</image_height>
<board_width>9</board_width>
<board_height>6</board_height>
<square_size>1.</square_size>
<flags>0</flags>
<camera_matrix type_id="opencv-matrix">
  <rows>3</rows>
  <cols>3</cols>
  <dt>d</dt>
  <data>
    4.2980702767705216e+003 0. 2.6273532906698097e+003 0.
    4.2965600554568864e+003 1.8145963549513065e+003 0. 0. 1.</data></camera_matrix>
<distortion_coefficients type_id="opencv-matrix">
  <rows>5</rows>
  <cols>1</cols>
  <dt>d</dt>
  <data>
    -1.9878940282564678e-001 2.8425622488068064e-001
    3.5152319378068444e-004 5.3145691256914626e-004
    -2.5708413692982962e-001</data></distortion_coefficients>
<avg_reprojection_error>7.1198106504336112e-001</avg_reprojection_error>
</opencv_storage>
